0.629696238750553
-0.124202030515381
0.0196118487998698
0.00931699107459096
1.90652118711444
1.47228154974746
0.185020384574664
0.1630249750852
-0.0231098422264784
-1.06753992620855
1.46895012483623
0.575289608768129
-0.308416438757997
-2.20753597720661
0.909392092262775
-0.811767043878474
0.638947797043522
0.619370730427023
0.418911478015844
-1.15719476412761
1.03238867979027
-0.136947780572036
-0.505067312297335
-0.0310110967071843
0.978318899607727
0.0421559174352967
-0.160964104421126
-0.228960623433917
1.02296164781144
0.0438852136950322
0.0776060221751136
-0.852419364497039
1.09614057385626
-1.25480262636403
2.51406340562092
0.967707971879043
-0.742731952795832
-0.33926292632262
0.714511355293875
0.317816636001241
1.60929747332574
-0.126909271563279
1.61233955406801
-0.348251401097557
-0.215049334840646
0.673143701330594
1.96441036868719
1.00917271173796
-0.538618139690898
-0.66176122281105
-1.85062850999296
0.75459980998225
-0.24367920610672
1.64479652757243
0.0963394951650511
-0.720022241157251
2.40234902709749
-0.733235247031475
0.193660384296405
0.119525893965857
-1.73266386510083
0.21908196960965
-0.515303636810391
1.86115769230816
1.29912315107322
1.66328469906172
-0.363716103965743
-1.44928422326284
-2.12370937608727
-1.07102245433117
0.33178944621774
-1.2568788787758
-0.877606682195721
-0.311730603336894
-2.58494956367463
0.00278434927425846
0.501845320837178
0.137534235786475
0.917295505389855
0.966490803087359
0.4134510503846
-0.284978843552173
-0.0357053119494611
1.19725774189391
-1.0129944359563
-2.24677743224978
-1.85183821322244
-0.885675706961169
-1.01407274141945
0.562310476646788
-0.446425986304633
-0.0660678325606202
-0.290295219766528
0.368644603950672
-0.239621123718153
-0.744379562037974
1.07645523003554
1.6755626082938
0.39071826536193
-1.6860729294708
0.213493394180724
1.75974320126148
-0.360730929656735
1.79679262137351
0.886972038347206
-0.633231649614099
0.115291207158194
-1.05268156334681
-1.00161410848883
0.166555416586067
-1.46683490366836
0.466579983189445
1.22981669266571
-2.70409417819631
0.573384360244999
0.218100718847347
-0.269820604263785
-1.75922158798516
2.00351822786107
-0.0367566390749099
-0.137149913120798
-0.0307533064361365
0.316075637651523
-1.49360217607017
-0.0502485530888089
0.434709047855906
0.0532382970063681
-1.3359167668254
0.30485431453734
-0.23353145498365
-0.687633717751085
0.515161815796441
-0.859605702972597
-0.390568073806197
-1.7027215405067
0.348976793076909
1.1103827813394
-0.7477183191482
0.313261745481065
-0.922550639522349
-0.517510109288858
1.93370294302588
0.789979346558713
-0.0792194713840024
1.170137273852
-0.120928785754227
0.903210922805165
1.25325253805948
-0.318892921110261
0.190881649434656
1.9655810627682
-0.827305391575135
-0.954540874602328
-0.501394388653164
-1.86945318062582
-0.268325193122516
-0.230625630060853
0.652581612838609
-0.25193666017425
-0.180296029962755
-1.49359765962768
1.02740870434839
0.193471381342741
0.145513811095874
0.711578534312614
1.18813192435795
-0.171923787803502
0.873764686558703
-0.324927882014379
0.44295215983479
1.96044663854384
1.27848556592897
1.24611229243436
-0.431133870051283
-1.58749610923177
-0.325160841617579
-0.667141178759314
-0.12579335890479
-0.939415561148993
-0.531685823735526
0.106778626124044
0.579037474537291
-2.15679075076456
-1.34204932296484
-0.438002215927716
0.428203607984166
0.0468010308054472
-1.23893913599405
-0.39928259054981
0.176060154955459
-0.259571048588514
0.205933589875995
1.11750787826148
-1.95341386377255
-0.565568820464199
-1.15530318064857
0.0485688195947093
0.216867086083237
-1.03509551304285
0.539659047439765
0.104113168881574
-0.953738884841117
0.574162192933029
0.527721451103583
0.759921194926887
0.68727003932467
-0.236478126027239
-0.329971431466503
-0.551552386310139
0.252956861444458
1.25530895934195
1.02295280415833
0.375646280547062
-0.609845989730494
0.921930688613755
0.579784179489564
0.579123636132451
-1.24974942567833
-0.688769736126491
-0.909408811682158
0.673816434574803
-0.883267356760668
0.883714226173192
0.439296396735442
-1.84138448819041
0.271548680928362
0.42292958164583
0.661254837689367
0.296934260901253
-1.2686263966666
1.90997703128716
-1.81268319790173
1.52921457357787
0.46276900060456
-1.36096477274965
3.02574001257616
0.0837052736864634
-1.0721901344202
1.33065204439955
-2.14709448414867
-0.102208438850813
-0.703396461386983
0.0568905679217097
0.188511971727633
0.449169274930064
-2.43157284524946
0.225826857514362
-1.38712843379194
1.2713666490597
-0.0730169069050937
0.402842893503485
2.0351890835618
-0.420210095174036
-1.38178897913595
-0.172781163400494
0.802612887662762
1.02334367848408
0.464063590445245
0.248977451410174
0.479995406113943
-1.54627118328872
0.784597260531043
-2.14229528140877
-0.923603979595477
0.423834515101409
-0.890805547628996
0.336320262080285
0.282455000007714
-1.37836838976791
1.14707967245721
0.0178894788462843
0.377376029610388
0.09103086289487
0.813654986705104
0.791682289339543
0.437340669348023
0.2917498798516
0.597063811080581
-0.55402260020933
-0.14856402507485
-1.49598568991082
-0.68013183362759
-0.70707361574617
-0.696939319071835
1.38596518340663
0.249172867312195
1.05269748738162
-0.641101298036573
1.85301239873804
-1.92878371315337
-0.87862082691158
0.481944354073934
0.324867494212492
0.282763215581921
0.740834533594602
0.939895612707644
-0.992387385602888
0.786406305320281
1.45218496694654
1.85845999363122
-0.642660255680376
-1.32198635258693
0.399450013499034
1.47775772107112
-0.575800952461342
0.37369879723828
-0.205493498126107
0.236194847202358
0.0743204029250123
-0.768668474763559
-1.78715942054705
-0.719101994005092
1.03109187881891
-0.27058771039441
-0.326820364902881
-0.830948834127545
0.726168734635502
-0.838653587226357
-0.0117687287868309
-0.489005637639037
1.01345222352087
-1.25069212295401
-0.905463401074637
-0.0275576929211743
-0.0943724421993014
0.757352856858619
0.214814539696619
1.35719951977709
0.452644941159136
0.258079502091617
0.735521837867044
0.28349124120508
-0.402295388865988
-2.45550516937839
-0.931039138585645
-0.689945999067601
-0.520728989652236
-1.08058010028419
1.3701518342576
-1.14339530057652
-1.80236103233883
0.0267785775179035
0.933113521220794
-0.531270529844313
0.0956979073797473
-0.0829949345327614
-0.469179167411488
-0.588215141394069
-0.375076006485583
-0.324148307763894
0.350163400716838
-0.837673062160427
0.356900647503109
-0.719616705667763
-0.898189878815957
-2.61296605288629
1.26600655385647
0.198577827266456
-0.897518872956235
-0.415359668523064
0.445773646009912
-0.373028521084158
0.778910806649276
0.106191944546327
-0.334371473254873
1.18368761394491
-0.371522740596514
-0.764465956709286
0.257117048908535
-0.143145933816968
-0.246444107193171
-2.29403903324679
-1.07677064251579
0.474388770446497
-0.941902057293878
-0.677385181346153
-0.633793347221567
0.3997072692271
-0.297290722053688
0.920793970060219
1.37055795024891
0.254857738033048
-0.271686565529327
0.3064342734207
0.596619822633853
-0.38684535997689
0.0269573800271761
0.00819378473177301
1.48416444989506
0.286577152778397
0.539227990162398
1.36737799422375
1.04171857893118
0.15623597569221
0.0577001816727302
-2.03037815776498
0.368953446184897
0.467053433766699
0.514381402063723
-1.42904107051677
1.02626326326392
0.763427485305239
-0.516263234194854
-0.35207121464732
0.394961094434323
-0.398176183160733
0.539072543603119
0.134332220594798
0.890127337261925
1.59778230417592
0.29841876048398
-0.885483289105794
0.0206427450386289
1.3246237687939
-0.131525365892498
-0.143369695142421
0.696374100257757
0.0338776042657588
0.333314017274003
-0.598953608699954
-1.47787255749964
-1.05368175036193
-1.00136560427424
-0.723532984402102
-0.255069105543081
0.00353287628290417
1.22679876521072
0.436790053411719
0.883029498630939
1.29702291441351
-0.00915032291645243
-1.04726617667458
-2.02035267349549
-0.143121451541394
-1.36574344624883
0.65421786147105
-0.607046477462275
0.266815947842645
-0.902187821241261
0.38377283389494
0.222729605051202
0.136448359549316
-0.959868549342773
0.99223231960381
0.276228539439836
-1.59855431669625
0.966873069238754
1.43617699061159
-1.11624881749259
-0.358421379459076
0.360692593457289
1.42857580030564
-0.751398002066792
1.01834988538323
-1.08846237428171
-0.157444632918016
-1.3521699560296
-0.0320439882938836
0.135597744340822
0.922847787295237
0.408855643963308
-0.929818739627872
-0.598281073057499
-1.09128661675722
0.287276984590601
-0.227716715830818
0.3117028333484
-0.914443457339837
1.14148386295533
0.519495192213969
0.0129448381390533
0.41504093673333
0.293722937752267
-0.20829740563397
-0.33101790473916
0.806922038126892
0.84507908433827
0.949964099973792
-0.173838057712545
0.206154204973024
-1.52317911538462
-0.391402476646211
1.36605834037766
0.726795322460624
-0.823207337657381
2.26822506191872
-1.40480851406973
0.025630095002761
0.103589258175107
-0.266756714510256
1.53430437180418
0.405882441839524
0.697163918381688
0.264380461165572
0.000475965439949001
-0.0955150834597921
-1.03792979495496
-0.201367322438158
2.23736540795227
3.02602931508339
1.14865904526126
-0.432550462795588
-0.149375923221777
2.03199254531412
0.389291190964169
0.822154309333851
1.45257277719522
-0.177707536467342
0.292607131216424
-0.344599269949356
1.08949386348951
-0.249907125268135
-0.929478394865038
-0.253894311352063
-1.02163149501416
-0.825771992579062
0.147031888917386
-2.39982975138832
0.098252599244446
0.091437789822263
-0.0340559447377276
-0.344875732585924
-0.867493636180086
0.704944642659861
-0.693421999948587
-0.235248803121683
-0.875690507903462
-0.555857557345811
0.423136742198502
0.338568181461238
0.9761296509512
-1.35218667685539
-1.64610108711347
0.597041012774261
0.915633883605151
-1.65003218558422
0.963268042335055
0.36586302774345
-0.468138636856128
0.070531636258264
-0.74429922564509
-0.135504357725138
-0.859072716278463
1.36587902517293
1.36045626735455
-0.902362280759052
0.7334625586438
-0.547532398847648
1.33652242498731
-0.139029764457359
-2.13087493113247
0.144275366655685
0.0125167922869585
-1.00912341689546
-1.77395493779789
0.477933569656389
0.0591269824982369
0.0178012779498698
-0.515331089931287
0.396066516789844
-0.115945863909159
0.0582167025512002
0.0431315895975356
0.435270279711038
1.00220593901569
-1.44919238534506
0.732397392249333
0.508324586121185
-1.10965045159363
0.29021112847431
0.607486362813933
-1.03476788884826
-1.01446178176166
0.498843752896081
0.255052803946247
-0.99051059351194
1.13315242943899
0.594835452651978
-1.91763232699567
-1.12333052278472
-2.34932191490466
-0.808533813757713
-0.094342413000019
0.571890789484541
1.79469370127527
-0.410232309542577
-1.14439761478922
0.277562993704357
1.74065396910431
-0.27971981885448
1.08673529922157
0.727528753828854
-0.195167618258699
-0.313907875685031
-3.56790476289371
-0.515535230789998
-1.15025520960492
-2.00423367582405
0.65135154872534
0.195621871859084
-0.178904994317822
-0.265327500019776
-2.59713019321783
0.68836340620254
-1.12503700355617
-0.711178438435798
1.02540691915848
-1.46349608963024
-0.66651615586666
-0.136864794595804
1.72042360783959
-1.78224678509471
-0.340508657789489
2.05510885845804
-0.940472962202741
0.714567555357511
0.401245395503398
0.0564105168046782
-0.0855294261838135
-0.462879998247907
-2.97264849384699
0.181689619064027
-0.102805297991985
0.760625136880768
1.87380273651717
0.166065924235336
0.191879792635251
-1.08938496369136
-0.952019102066973
-0.130251044529105
-0.617628860368146
-0.515900514875002
0.154437439394488
1.27530888086171
0.66313999391521
1.41314192005167
0.181063733675857
0.205726911734512
-0.381367025263851
-1.15621596102242
0.719822633904624
-1.79953252418919
1.5756692079245
-1.13098508913204
-1.09716275698459
-0.561065082278702
0.215696815731276
0.199077763645053
-1.4806395083774
-1.21259914898129
0.0729243692436859
-1.31766083519735
-0.245198667708621
-1.29944908354284
0.281621378668399
0.418028852160171
-2.15805319976227
0.497872077484531
-0.980641833935685
0.454823612288887
0.72196662974504
1.18928277396229
0.0323066020443594
-2.32608487885463
-0.922372859105284
1.6406014641829
-0.964243674926664
-0.458940619609744
-0.458187896397117
-2.2798293216111
-1.54232078667009
0.95492502653938
-0.553939028740342
-0.843735723195423
-0.620166348005114
-0.364131480476204
0.658745835748527
-0.160195124886012
-0.121190535916038
-0.543361836623346
-0.870600684965845
-3.25459126756483
2.4585090263694
0.582036517329769
-0.637820405158776
-1.60088095531552
0.711334538174072
-0.616013281294188
0.165507744539782
-0.676875035186688
0.92591097249126
0.621418001210308
-1.69530782186784
-0.878251226474069
0.24158409563846
0.815987237003316
0.880627239347652
-0.188202665247022
-1.69773129115798
-1.67553226971132
0.747945639951181
1.56061639988179
0.289363797889304
-0.631935744370353
-1.37554498360795
-0.61588636387248
-0.174162832140483
0.805801230585922
0.409421200396596
0.0201063375135681
1.15711854930944
0.685033829015987
-0.0238109445716254
1.37347580792417
-0.00490256787957326
-0.854666011236763
0.933706372174767
0.425460340650237
0.75485157421308
-1.13923613864541
-0.30602512617261
-0.686359813735861
-0.138208796343436
-0.417853989258682
-0.382029243032002
0.0386866141453989
0.886576750241794
1.20914639400926
0.551893426106849
-0.648184577002188
0.181763293345076
-0.393811675742158
0.355940412780141
0.906607780056251
3.41376343579806
1.36975117461122
-0.6527626945301
0.0115389604700248
-1.99708247250764
-1.48418446210125
-0.0252594906827241
0.810373905954556
2.278919018506
-1.15500384941932
0.998829563632248
1.96228079520125
-1.59401783305262
-1.00274545973184
-0.175671201135568
-1.20616858855153
-0.476573957608955
0.600307636431288
-1.0034878544292
-2.36173744145567
0.487181334718387
0.5913925487667
1.11265509501701
-3.08870217913522
0.762202621324764
-2.60028995328608
-0.274978785821468
1.70604312681365
0.637998982804301
-0.502169509487133
1.02647274952629
-0.321777622017342
-0.255801813941498
-0.124508671744186
0.92856283329707
0.423707453168055
0.825812711058338
1.17384957983662
0.187448752035242
-1.70665366634606
0.243465722931678
-1.39726808573879
-0.703372351774668
-0.561579593100669
-0.835591625642037
1.07204571274358
-0.93773125213967
-0.774012599321316
1.67753319638848
0.745816798975943
0.938238840116954
-0.382894597191946
-2.57488992162096
0.756785836069288
-0.325208754120833
0.481896525935197
-0.0125824494891006
0.62907545195927
0.0152740383176887
0.318995448503072
-0.190798835017889
-0.749069139309436
0.536777328518845
-0.93300885544854
-0.977243120063021
0.495546045916063
0.293287769305853
-0.0272307795067583
1.21791795905091
0.057918713047754
-0.242749666252202
-0.444808545673757
0.0290858735552783
-0.693807869550346
0.468948206187122
0.75516513173733
-1.58214715215426
-0.230679948720249
1.61250564950495
0.747295746039413
-1.74675856585689
-0.185211350848988
1.26779163183123
1.82854443430763
1.32438062957768
0.352891488704897
0.714641017926315
2.08456120131526
-0.311320181973557
0.0805296134823289
1.21570219721649
-1.12259260994808
0.800795777239923
-0.445807248645014
-0.468850569848338
0.0443236255367961
-0.53876146074977
-0.965915615000772
-0.370114832547017
-2.22086981493714
0.282128652369941
-1.09306803522558
-0.388786254102249
0.770661388744523
0.309724483054453
-0.0125449864643186
1.74295953651065
1.02813890772235
0.0617947100769005
-0.951894597962342
0.417161451581454
-1.83855845174663
-0.833911865038286
-1.18175842152901
0.0947030566853004
-0.564001453324038
-0.250333011464374
2.53658011643328
0.022642020422849
-1.12436437399461
0.133079709853586
0.702637660323349
-0.344937743543514
1.87070365381095
0.543323328610003
0.160147599865667
-0.542242800447026
-0.452033862363806
0.220945947015436
0.543223883968493
1.49814605376244
-0.897024027634341
0.329445583188662
-0.885879692154863
-0.758586926254012
0.953079635491717
0.773254767005838
-0.824262402210627
1.22341597622599
-0.476079209715156
-2.57359299232088
-1.68684525660511
0.28905624586916
-0.0666013463282317
-1.56087116988707
-0.900950852041576
-1.51791186619456
-3.39684527964468
-2.1576418951396
1.0629365347098
-0.433500940634613
-0.112509476288851
-0.988631617010189
0.550049442997678
-0.539866143646326
0.430661955144312
1.25110560675662
-0.671348469330677
-1.4569344529985
0.273254425196852
1.15274609569265
-0.104135787175674
0.694647684638445
0.384139515029071
-0.0292222075432606
-1.50605214483642
0.688313090174873
1.0332585255007
-0.754995684196004
0.239355220485072
0.452118228684119
-0.741977421520467
-0.761285612362774
0.875103226839322
-2.29278411370214
0.368502538463834
0.288257310618157
0.732336490725744
-0.326051758576727
-1.09191966103818
0.488852963927679
-0.835092944857259
-1.9312833828079
0.795076342913964
-0.816270668313688
-0.59162508085922
1.5164266186952
-0.192452090902107
-0.152383663665407
0.119032330575494
-0.629540082591077
-0.53611399915585
-0.179949973610097
0.141804125107755
1.34324891571543
0.694946463276389
1.02209986363407
1.53346248341724
-0.431185861141625
0.41741059190927
-1.23648518273272
1.6607668276689
0.0883759187596114
0.279552275230192
-0.140860319972077
-0.0551129667575019
-1.41731293969458
-0.0402732695109024
2.08026537651891
1.04718771295309
-1.98928121782368
-1.23040679653265
-0.0284755312847741
-0.128781916549817
0.677527255966072
-0.252248263368191
-0.271484069645007
-0.75589753258088
-1.2426654958205
1.03033705149631
0.698670384983415
-0.984333878137176
1.42450104883127
-0.0442210698446897
0.166515715686674
1.954596952513
1.29531680029798
0.0977761378119693
0.401314786386237
1.47276177733049
1.39402443385719
2.06455003825304
0.684308255920041
-1.33279268912689
0.961209987146949
-0.3659471979404
1.27760461604627
-1.4100777770985
0.733340421747276
0.876786673532303
-1.35086652664582
0.167708436575578
0.0405632090972097
-1.88764324280668
-1.08092396272046
-0.470549199147173
0.608689308369689
0.21174699421036
-0.0606774554359794
0.693020117426903
0.416654992534669
0.0856361081589089
0.482162610322193
-0.160042929677971
1.22293700641301
-1.10342514242106
0.244364842097792
0.252775103519888
1.70986355090596
0.234065930110704
0.595425082988488
-0.475145495412884
0.926288605241147
1.04854428506907
0.304313244609483
1.53970652424321
